This file lists how runs should be grouped to calculate difference histograms
*******************************************************************************
Group       4M Angle       6M Angle       Blank run      Sn112 run        Sn124 run
*******************************************************************************
2           23             23             222            221              223 
3           30          29.83             225            224              226
4           40             40             229            230              228
5           60             50             233            232              236
                                          234            231              235
                                          238            239              237
6           70             35             245            244              246
                                          249            250              248
8           70             45             252            251              253
9           90             45             255            256              254
10          90            130             259            261              257
11          90            130             260            262              258
