11.         15.1      3617.      109.
 11.         20.2      2046.      61.0
 11.         25.2      919.6      28.0
 11.         30.3      299.3      9.00
 11.         35.3      60.84      1.80
 11.         40.4      58.10      1.74
 11.         45.4      122.0      3.70
 11.         50.4      160.6      4.80
 11.         55.4      148.7      4.50
 11.         60.5      112.4      3.40
 11.         65.5      65.38      2.30
 11.         70.5      29.95      1.05
 11.         75.5      11.51      0.400
 11.         80.5      5.780      0.230
 11.         85.5      8.440      0.250
 11.         90.6      14.13      0.570
 11.         95.5      20.19      0.850
 11.        100.5      24.00      0.840
 11.        105.5      22.99      0.800
 11.        110.5      17.35      0.610
 11.        115.5      10.78      0.430
 11.        120.5      6.520      0.290
 11.        125.4      4.860      0.270
 11.        130.4      7.300      0.290
 11.        135.4      9.700      0.390
 11.        140.4      10.95      0.440
 11.        145.3      10.52      0.740
 11.        150.3      8.310      0.660
 24.         15.1      2592.      130.
 24.         20.2      685.3      34.3
 24.         25.2      98.56      4.97
 24.         30.2      51.38      3.63
 24.         32.8      62.31      3.12
 24.         35.3      61.19      3.06
 24.         37.8      45.41      2.27
 24.         40.3      28.67      1.43
 24.         42.8      19.92      1.20
 24.         45.3      13.81      0.990
 24.         47.9      27.97      1.40
 24.         50.4      38.94      1.94
 24.         55.4      67.97      3.40
 24.         60.4      60.58      3.03
 24.         65.4      38.40      1.92
 24.         70.5      24.99      1.25
 24.         75.5      23.36      1.17
 24.         80.5      27.39      1.37
 24.         85.5      25.51      1.28
 24.         90.5      20.30      1.02
 24.         95.5      12.10      0.650
 24.        100.5      8.150      0.510
 24.        105.5      8.820      0.500
 24.        110.5      11.28      0.570
 24.        115.4      9.650      0.530
 24.        120.4      6.650      0.420
 24.        125.4      3.850      0.380
 24.        130.4      2.700      0.290
 24.        135.3      4.080      0.440
 24.        140.3      4.980      0.400
 24.        145.3      3.260      0.320
 24.        150.2      1.680      0.250
 24.        155.2      3.800      0.490