 11.         15.1      3676.      110.
 11.         20.2      2152.      64.6
 11.         25.2      936.0      28.1
 11.         30.2      346.9      10.4
 11.         35.3      69.59      2.09
 11.         40.3      59.42      1.78
 11.         45.3      129.7      3.89
 11.         50.4      165.7      4.97
 11.         55.4      158.8      4.76
 11.         60.4      117.6      3.53
 11.         65.4      67.06      2.01
 11.         70.5      31.77      0.950
 11.         75.5      12.92      0.390
 11.         80.5      6.590      0.240
 11.         85.5      7.530      0.340
 11.         90.5      16.57      0.500
 11.         95.5      21.31      0.640
 11.        100.5      24.08      0.720
 11.        105.5      23.27      0.700
 11.        110.5      17.42      0.520
 11.        115.4      10.88      0.330
 11.        120.4      5.680      0.170
 11.        125.4      6.190      0.280
 11.        130.4      8.070      0.320
 11.        135.3      10.22      0.370
 11.        140.3      11.19      0.380
 11.        145.3      10.95      0.380
 11.        150.2      11.65      0.370
 24.         15.1      2592.      5.80
 24.         20.2      788.7      7.60
 24.         25.2      106.1      5.00
 24.         30.2      48.00      0.700
 24.         35.3      59.80      0.700
 24.         40.3      26.60      0.600
 24.         45.3      21.00      0.300
 24.         50.4      52.80
 24.         55.4      70.40      0.100
 24.         60.4      57.90      0.600
 24.         65.4      36.30      0.200
 24.         70.5      17.50      0.100
 24.         75.5      22.60      0.500
 24.         80.5      27.10      0.600
 24.         85.5      25.90      0.600
 24.         90.5      16.80      0.200
 24.         95.5      11.50      0.760
 24.        100.5      7.570      0.550
 24.        105.5      6.330      0.850
 24.        110.5      9.730      0.720
 24.        115.4      12.00      0.300
 24.        120.4      6.710      0.800
 24.        125.4      4.600      0.760
 24.        130.4      3.810      0.490
 24.        140.3      5.450      0.530