 11.       15.1 3777.       113.
        11.       20.2 2150.       64.5
        11.       25.2 902.4       30.7
        11.       30.2 294.3       8.83
        11.       35.3 73.97       2.22
        11.       40.3 86.31       2.59
        11.       45.3 162.6       4.88
        11.       50.3 190.1       5.70
        11.       55.4 173.0       5.19
        11.       60.4 123.0       3.69
        11.       65.4 70.57       2.12
        11.       70.4 31.02       0.930
        11.       75.4 12.79       0.790
        11.       80.5 9.160       0.390
        11.       85.5 12.79       0.540
        11.       90.5 18.88       0.750
        11.       95.5 24.17       0.770
        11.      100.5 27.16       0.830
        11.      105.4 25.68       0.930
        11.      110.4 18.71       0.790
        11.      115.4 11.12       0.590
        11.      120.4 6.150       0.290
        11.      125.4 6.760       0.340
        11.      130.3 11.51       0.540
        11.      135.3 15.59       0.640
        11.      140.3 16.05       0.650
        11.      145.3 12.33       0.510
        11.      150.2 11.52       0.470
        24.       15.1 2800.       168.
        24.       20.2 729.4       43.8
        24.       25.2 92.01       5.54
        24.       30.2 44.20       3.86
        24.       35.3 47.02       4.55
        24.       40.3 22.16       1.57
        24.       45.3 17.80       2.23
        24.       50.3 55.01       3.20
        24.       55.4 79.05       4.72
        24.       60.4 53.67       6.10
        24.       65.4 36.22       2.19
        24.       70.4 21.39       2.10
        24.       75.4 26.68       1.63
        24.       80.5 32.21       1.93
        24.       85.5 23.83       1.45
        24.       90.5 19.85       1.44
        24.       95.5 13.24       1.19
        24.      100.5 11.37       0.980
        24.      105.4 9.850       1.62
        24.      110.4 11.86       1.22
        24.      115.4 10.13       1.20
        24.      120.4 6.540       0.720
        24.      125.4 4.380       0.580
        24.      130.3 5.170       0.860
        24.      140.3 5.490       0.990