 15.1      3745.      112.
  20.2      2103.      63.1
  25.2      883.9      2.83
  30.2      303.5      9.11
  35.3      71.28      2.14
  40.3      70.02      2.10
  45.3      135.7      4.07
  50.4      172.1      5.16
  55.4      156.2      4.69
  60.4      118.1      3.54
  65.4      67.77      2.03
  70.4      30.94      0.930
  75.5      14.03      0.420
  80.5      7.040      0.210
  85.5      9.160      0.270
  90.5      16.69      0.500
  95.5      22.30      0.670
 100.5      25.24      0.760
 105.5      23.78      0.710
 110.4      17.17      0.520
 115.4      10.61      0.320
 120.4      4.830      0.160
 125.4      5.940      0.280
 130.4      9.160      0.360
 135.3      13.33      0.430
 140.3      13.83      0.420
 145.3      11.34      0.380
 150.2      11.13      0.370