  0.0250  0.00000
  0.0750  0.00000
  0.1250  0.00000
  0.1750  0.00000
  0.2250  0.00000
  0.2750  0.00000
  0.3250  0.00000
  0.3750  0.00000
  0.4250  0.00000
  0.4750  0.00000
  0.5250  0.00000
  0.5750  0.00000
  0.6250  0.00000
  0.6750  0.00000
  0.7250  0.00000
  0.7750  0.00000
  0.8250  0.00000
  0.8750  0.00000
  0.9250  0.00000
  0.9750  0.00000
  1.0250  0.00000
  1.0750  0.00000
  1.1250  0.00000
  1.1750  0.00000
  1.2250  0.00000
  1.2750  0.00000
  1.3250  0.00000
  1.3750  0.00000
  1.4250  0.00000
  1.4750  0.00000
  1.5250  0.00000
  1.5750  0.00000
  1.6250  0.00000
  1.6750  0.00000
  1.7250  0.00000
  1.7750  0.00000
  1.8250  0.00000
  1.8750  0.00000
  1.9250  0.00000
  1.9750  0.00000
  2.0250  0.00000
  2.0750  0.00000
  2.1250  0.00000
  2.1750  0.00000
  2.2250  0.00009
  2.2750  0.00018
  2.3250  0.00033
  2.3750  0.00069
  2.4250  0.00111
  2.4750  0.00159
  2.5250  0.00282
  2.5750  0.00540
  2.6250  0.00687
  2.6750  0.00933
  2.7250  0.01365
  2.7750  0.01836
  2.8250  0.02185
  2.8750  0.02688
  2.9250  0.03102
  2.9750  0.03909
  3.0250  0.04572
  3.0750  0.05191
  3.1250  0.05712
  3.1750  0.06108
  3.2250  0.06719
  3.2750  0.07383
  3.3250  0.07868
  3.3750  0.08308
  3.4250  0.08673
  3.4750  0.09048
  3.5250  0.09622
  3.5750  0.10117
  3.6250  0.10763
  3.6750  0.10970
  3.7250  0.11835
  3.7750  0.11961
  3.8250  0.12535
  3.8750  0.12704
  3.9250  0.13265
  3.9750  0.13693
  4.0250  0.13979
  4.0750  0.14083
  4.1250  0.14610
  4.1750  0.14801
  4.2250  0.14932
  4.2750  0.15481
  4.3250  0.15736
  4.3750  0.15949
  4.4250  0.16052
  4.4750  0.16209
  4.5250  0.16749
  4.5750  0.16750
  4.6250  0.16433
  4.6750  0.16946
  4.7250  0.16608
  4.7750  0.17015
  4.8250  0.17025
  4.8750  0.17252
  4.9250  0.16936
  4.9750  0.17499
  5.0250  0.17356
  5.0750  0.17698
  5.1250  0.17494
  5.1750  0.17703
  5.2250  0.17646
  5.2750  0.17707
  5.3250  0.17776
  5.3750  0.17656
  5.4250  0.17705
  5.4750  0.17451
  5.5250  0.17780
  5.5750  0.18035
  5.6250  0.17531
  5.6750  0.17814
  5.7250  0.17700
  5.7750  0.17841
  5.8250  0.17772
  5.8750  0.17901
  5.9250  0.17899
  5.9750  0.17670
  6.0250  0.17668
  6.0750  0.17608
  6.1250  0.17551
  6.1750  0.17566
  6.2250  0.17708
  6.2750  0.17772
  6.3250  0.17181
  6.3750  0.17673
  6.4250  0.17690
  6.4750  0.17743
  6.5250  0.17384
  6.5750  0.17471
  6.6250  0.17709
  6.6750  0.17643
  6.7250  0.17745
  6.7750  0.17835
  6.8250  0.17603
  6.8750  0.17593
  6.9250  0.17695
  6.9750  0.17437
  7.0250  0.17642
  7.0750  0.17558
  7.1250  0.17503
  7.1750  0.17265
  7.2250  0.17291
  7.2750  0.17183
  7.3250  0.17240
  7.3750  0.17077
  7.4250  0.17044
  7.4750  0.16991
  7.5250  0.16695
  7.5750  0.16891
  7.6250  0.16749
  7.6750  0.16496
  7.7250  0.16654
  7.7750  0.16705
  7.8250  0.16762
  7.8750  0.16337
  7.9250  0.16279
  7.9750  0.16594
  8.0250  0.16131
  8.0750  0.16290
  8.1250  0.16429
  8.1750  0.16544
  8.2250  0.16488
  8.2750  0.16424
  8.3250  0.16571
  8.3750  0.16453
  8.4250  0.16513
  8.4750  0.16669
  8.5250  0.16533
  8.5750  0.16438
  8.6250  0.16693
  8.6750  0.16494
  8.7250  0.16367
  8.7750  0.16382
  8.8250  0.16340
  8.8750  0.16094
  8.9250  0.16092
  8.9750  0.16096
  9.0250  0.15946
  9.0750  0.15817
  9.1250  0.15703
  9.1750  0.15840
  9.2250  0.15678
  9.2750  0.15867
  9.3250  0.15877
  9.3750  0.15741
  9.4250  0.15809
  9.4750  0.15626
  9.5250  0.15633
  9.5750  0.15865
  9.6250  0.15767
  9.6750  0.15657
  9.7250  0.15598
  9.7750  0.15622
  9.8250  0.15730
  9.8750  0.15648
  9.9250  0.15512
  9.9750  0.15596
 10.0250  0.15832
 10.0750  0.15611
 10.1250  0.15475
 10.1750  0.15389
 10.2250  0.15416
 10.2750  0.15226
 10.3250  0.15356
 10.3750  0.15417
 10.4250  0.15356
 10.4750  0.15436
 10.5250  0.15109
 10.5750  0.15543
 10.6250  0.15204
 10.6750  0.15117
 10.7250  0.15036
 10.7750  0.14976
 10.8250  0.15058
 10.8750  0.14858
 10.9250  0.14868
 10.9750  0.14983
 11.0250  0.14994
 11.0750  0.14958
 11.1250  0.14752
 11.1750  0.14656
 11.2250  0.14514
 11.2750  0.14750
 11.3250  0.14487
 11.3750  0.14583
 11.4250  0.14424
 11.4750  0.14587
 11.5250  0.14262
 11.5750  0.14043
 11.6250  0.14426
 11.6750  0.14411
 11.7250  0.14368
 11.7750  0.14135
 11.8250  0.14015
 11.8750  0.14175
 11.9250  0.14116
 11.9750  0.14180
 12.0250  0.14282
 12.0750  0.14138
 12.1250  0.13997
 12.1750  0.14083
 12.2250  0.13928
 12.2750  0.14202
 12.3250  0.13733
 12.3750  0.13787
 12.4250  0.13765
 12.4750  0.13783
 12.5250  0.13792
 12.5750  0.13597
 12.6250  0.13973
 12.6750  0.13743
 12.7250  0.13726
 12.7750  0.13693
 12.8250  0.13493
 12.8750  0.13761
 12.9250  0.13495
 12.9750  0.13416
 13.0250  0.13527
 13.0750  0.13623
 13.1250  0.13545
 13.1750  0.13414
 13.2250  0.13477
 13.2750  0.13206
 13.3250  0.13645
 13.3750  0.13419
 13.4250  0.13419
 13.4750  0.13043
 13.5250  0.13263
 13.5750  0.13167
 13.6250  0.13293
 13.6750  0.13003
 13.7250  0.12937
 13.7750  0.12913
 13.8250  0.13091
 13.8750  0.12997
 13.9250  0.12935
 13.9750  0.13046
 14.0250  0.13008
 14.0750  0.13203
 14.1250  0.13113
 14.1750  0.12923
 14.2250  0.13097
 14.2750  0.13212
 14.3250  0.13015
 14.3750  0.13089
 14.4250  0.12816
 14.4750  0.13215
 14.5250  0.13042
 14.5750  0.12849
 14.6250  0.13212
 14.6750  0.13044
 14.7250  0.12955
 14.7750  0.12953
 14.8250  0.12961
 14.8750  0.12857
 14.9250  0.12736
 14.9750  0.12839
 15.0250  0.12894
 15.0750  0.12818
 15.1250  0.12772
 15.1750  0.12664
 15.2250  0.12887
 15.2750  0.12632
 15.3250  0.12699
 15.3750  0.12594
 15.4250  0.12708
 15.4750  0.12468
 15.5250  0.12766
 15.5750  0.12698
 15.6250  0.12406
 15.6750  0.12218
 15.7250  0.12635
 15.7750  0.12506
 15.8250  0.12646
 15.8750  0.12523
 15.9250  0.12351
 15.9750  0.12364
 16.0250  0.12414
 16.0750  0.12563
 16.1250  0.12584
 16.1750  0.12229
 16.2250  0.12517
 16.2750  0.12228
 16.3250  0.12544
 16.3750  0.12579
 16.4250  0.12314
 16.4750  0.12283
 16.5250  0.12447
 16.5750  0.12357
 16.6250  0.12350
 16.6750  0.12276
 16.7250  0.12508
 16.7750  0.12509
 16.8250  0.12450
 16.8750  0.12082
 16.9250  0.12524
 16.9750  0.12396
 17.0250  0.12324
 17.0750  0.12419
 17.1250  0.12599
 17.1750  0.12287
 17.2250  0.12336
 17.2750  0.12184
 17.3250  0.12572
 17.3750  0.12429
 17.4250  0.12319
 17.4750  0.12412
 17.5250  0.12450
 17.5750  0.12669
 17.6250  0.12477
 17.6750  0.12602
 17.7250  0.12597
 17.7750  0.12734
 17.8250  0.12867
 17.8750  0.12923
 17.9250  0.12692
 17.9750  0.12768
 18.0250  0.12956
 18.0750  0.13184
 18.1250  0.13021
 18.1750  0.12855
 18.2250  0.12922
 18.2750  0.12772
 18.3250  0.12870
 18.3750  0.13044
 18.4250  0.12875
 18.4750  0.12994
 18.5250  0.12954
 18.5750  0.12978
 18.6250  0.13120
 18.6750  0.13033
 18.7250  0.12908
 18.7750  0.13196
 18.8250  0.12951
 18.8750  0.12931
 18.9250  0.12975
 18.9750  0.12914
 19.0250  0.13161
 19.0750  0.12719
 19.1250  0.12902
 19.1750  0.13000
 19.2250  0.12822
 19.2750  0.12965
 19.3250  0.12722
 19.3750  0.13052
 19.4250  0.12899
 19.4750  0.13082
 19.5250  0.13027
 19.5750  0.13036
 19.6250  0.12866
 19.6750  0.12765
 19.7250  0.12882
 19.7750  0.12798
 19.8250  0.12567
 19.8750  0.12715
 19.9250  0.12644
 19.9750  0.00000
