  0.0250  0.00000
  0.0750  0.00000
  0.1250  0.00000
  0.1750  0.00000
  0.2250  0.00000
  0.2750  0.00000
  0.3250  0.00000
  0.3750  0.00000
  0.4250  0.00000
  0.4750  0.00000
  0.5250  0.00000
  0.5750  0.00000
  0.6250  0.00000
  0.6750  0.00000
  0.7250  0.00000
  0.7750  0.00000
  0.8250  0.00000
  0.8750  0.00000
  0.9250  0.00000
  0.9750  0.00000
  1.0250  0.00000
  1.0750  0.00000
  1.1250  0.00000
  1.1750  0.00000
  1.2250  0.00000
  1.2750  0.00000
  1.3250  0.00000
  1.3750  0.00000
  1.4250  0.00020
  1.4750  0.00063
  1.5250  0.00167
  1.5750  0.00357
  1.6250  0.00777
  1.6750  0.01421
  1.7250  0.02170
  1.7750  0.03226
  1.8250  0.04165
  1.8750  0.05107
  1.9250  0.06527
  1.9750  0.07621
  2.0250  0.08128
  2.0750  0.09809
  2.1250  0.10559
  2.1750  0.11820
  2.2250  0.12825
  2.2750  0.13915
  2.3250  0.14923
  2.3750  0.15454
  2.4250  0.16170
  2.4750  0.17023
  2.5250  0.17925
  2.5750  0.18207
  2.6250  0.18521
  2.6750  0.19421
  2.7250  0.19819
  2.7750  0.20298
  2.8250  0.20213
  2.8750  0.20180
  2.9250  0.21355
  2.9750  0.21847
  3.0250  0.21791
  3.0750  0.21750
  3.1250  0.22170
  3.1750  0.22120
  3.2250  0.21999
  3.2750  0.22430
  3.3250  0.22449
  3.3750  0.22728
  3.4250  0.22672
  3.4750  0.22775
  3.5250  0.23234
  3.5750  0.23384
  3.6250  0.22837
  3.6750  0.23514
  3.7250  0.23191
  3.7750  0.24045
  3.8250  0.23973
  3.8750  0.23492
  3.9250  0.23969
  3.9750  0.23893
  4.0250  0.23739
  4.0750  0.23914
  4.1250  0.24420
  4.1750  0.24662
  4.2250  0.24923
  4.2750  0.24259
  4.3250  0.23756
  4.3750  0.24016
  4.4250  0.24146
  4.4750  0.24261
  4.5250  0.23721
  4.5750  0.23885
  4.6250  0.23979
  4.6750  0.24129
  4.7250  0.23860
  4.7750  0.23522
  4.8250  0.23682
  4.8750  0.23535
  4.9250  0.23490
  4.9750  0.23164
  5.0250  0.23198
  5.0750  0.23236
  5.1250  0.23230
  5.1750  0.23094
  5.2250  0.22919
  5.2750  0.23007
  5.3250  0.22562
  5.3750  0.22659
  5.4250  0.22576
  5.4750  0.22464
  5.5250  0.22603
  5.5750  0.22111
  5.6250  0.22298
  5.6750  0.21873
  5.7250  0.22112
  5.7750  0.21642
  5.8250  0.21889
  5.8750  0.21985
  5.9250  0.21591
  5.9750  0.21622
  6.0250  0.21434
  6.0750  0.21411
  6.1250  0.21037
  6.1750  0.21683
  6.2250  0.21550
  6.2750  0.21238
  6.3250  0.21358
  6.3750  0.21355
  6.4250  0.20959
  6.4750  0.20865
  6.5250  0.20662
  6.5750  0.20780
  6.6250  0.21115
  6.6750  0.21148
  6.7250  0.20602
  6.7750  0.20942
  6.8250  0.20543
  6.8750  0.20480
  6.9250  0.20551
  6.9750  0.20382
  7.0250  0.20462
  7.0750  0.20491
  7.1250  0.20557
  7.1750  0.20220
  7.2250  0.20301
  7.2750  0.19825
  7.3250  0.20157
  7.3750  0.20227
  7.4250  0.19777
  7.4750  0.19902
  7.5250  0.19893
  7.5750  0.19919
  7.6250  0.19597
  7.6750  0.19462
  7.7250  0.19645
  7.7750  0.19329
  7.8250  0.19455
  7.8750  0.19369
  7.9250  0.19326
  7.9750  0.19702
  8.0250  0.19513
  8.0750  0.19610
  8.1250  0.19337
  8.1750  0.19237
  8.2250  0.19012
  8.2750  0.19025
  8.3250  0.18894
  8.3750  0.18897
  8.4250  0.18562
  8.4750  0.18652
  8.5250  0.18758
  8.5750  0.18943
  8.6250  0.18535
  8.6750  0.18557
  8.7250  0.18675
  8.7750  0.18618
  8.8250  0.18319
  8.8750  0.18369
  8.9250  0.18212
  8.9750  0.18001
  9.0250  0.18103
  9.0750  0.17884
  9.1250  0.17924
  9.1750  0.17975
  9.2250  0.17802
  9.2750  0.17621
  9.3250  0.17868
  9.3750  0.17854
  9.4250  0.17538
  9.4750  0.17506
  9.5250  0.17597
  9.5750  0.17675
  9.6250  0.17420
  9.6750  0.17507
  9.7250  0.17259
  9.7750  0.17344
  9.8250  0.17336
  9.8750  0.17331
  9.9250  0.17138
  9.9750  0.17283
 10.0250  0.17126
 10.0750  0.17136
 10.1250  0.16861
 10.1750  0.16748
 10.2250  0.16675
 10.2750  0.16907
 10.3250  0.16943
 10.3750  0.16543
 10.4250  0.16876
 10.4750  0.16583
 10.5250  0.16660
 10.5750  0.16533
 10.6250  0.16518
 10.6750  0.16646
 10.7250  0.16660
 10.7750  0.16456
 10.8250  0.16362
 10.8750  0.16686
 10.9250  0.16576
 10.9750  0.16534
 11.0250  0.16400
 11.0750  0.16176
 11.1250  0.16298
 11.1750  0.16159
 11.2250  0.16115
 11.2750  0.16119
 11.3250  0.15972
 11.3750  0.15801
 11.4250  0.15721
 11.4750  0.15897
 11.5250  0.15966
 11.5750  0.15866
 11.6250  0.15595
 11.6750  0.15675
 11.7250  0.15817
 11.7750  0.15765
 11.8250  0.15579
 11.8750  0.15943
 11.9250  0.15656
 11.9750  0.15967
 12.0250  0.15597
 12.0750  0.15546
 12.1250  0.15587
 12.1750  0.15522
 12.2250  0.15672
 12.2750  0.15408
 12.3250  0.15458
 12.3750  0.15602
 12.4250  0.15494
 12.4750  0.15465
 12.5250  0.15534
 12.5750  0.15371
 12.6250  0.15654
 12.6750  0.15564
 12.7250  0.15289
 12.7750  0.15371
 12.8250  0.15585
 12.8750  0.15405
 12.9250  0.15419
 12.9750  0.15352
 13.0250  0.15378
 13.0750  0.15420
 13.1250  0.15249
 13.1750  0.15407
 13.2250  0.15306
 13.2750  0.15208
 13.3250  0.15392
 13.3750  0.15470
 13.4250  0.15018
 13.4750  0.15075
 13.5250  0.15221
 13.5750  0.15107
 13.6250  0.15201
 13.6750  0.15051
 13.7250  0.15357
 13.7750  0.15248
 13.8250  0.14811
 13.8750  0.15203
 13.9250  0.15075
 13.9750  0.15185
 14.0250  0.15163
 14.0750  0.15339
 14.1250  0.15285
 14.1750  0.15300
 14.2250  0.15492
 14.2750  0.15103
 14.3250  0.15467
 14.3750  0.15298
 14.4250  0.15284
 14.4750  0.15391
 14.5250  0.15516
 14.5750  0.15327
 14.6250  0.15509
 14.6750  0.15412
 14.7250  0.15217
 14.7750  0.15439
 14.8250  0.15574
 14.8750  0.15504
 14.9250  0.15388
 14.9750  0.15735
 15.0250  0.15548
 15.0750  0.15797
 15.1250  0.15839
 15.1750  0.15552
 15.2250  0.15884
 15.2750  0.15806
 15.3250  0.15795
 15.3750  0.15833
 15.4250  0.15629
 15.4750  0.15617
 15.5250  0.15869
 15.5750  0.15766
 15.6250  0.15670
 15.6750  0.15602
 15.7250  0.15875
 15.7750  0.15883
 15.8250  0.15827
 15.8750  0.15829
 15.9250  0.15856
 15.9750  0.15830
 16.0250  0.15962
 16.0750  0.16027
 16.1250  0.15877
 16.1750  0.16097
 16.2250  0.16050
 16.2750  0.16047
 16.3250  0.15880
 16.3750  0.15909
 16.4250  0.15881
 16.4750  0.15658
 16.5250  0.15576
 16.5750  0.15666
 16.6250  0.15686
 16.6750  0.15546
 16.7250  0.15665
 16.7750  0.15614
 16.8250  0.15712
 16.8750  0.15718
 16.9250  0.15851
 16.9750  0.15822
 17.0250  0.15954
 17.0750  0.16148
 17.1250  0.16069
 17.1750  0.15983
 17.2250  0.15989
 17.2750  0.16128
 17.3250  0.16092
 17.3750  0.16207
 17.4250  0.16088
 17.4750  0.16262
 17.5250  0.16440
 17.5750  0.16414
 17.6250  0.16451
 17.6750  0.16634
 17.7250  0.16650
 17.7750  0.16624
 17.8250  0.16458
 17.8750  0.16763
 17.9250  0.16586
 17.9750  0.16491
 18.0250  0.16405
 18.0750  0.16658
 18.1250  0.16538
 18.1750  0.16546
 18.2250  0.16354
 18.2750  0.16482
 18.3250  0.16562
 18.3750  0.16468
 18.4250  0.16426
 18.4750  0.16156
 18.5250  0.16270
 18.5750  0.16322
 18.6250  0.16280
 18.6750  0.16047
 18.7250  0.16299
 18.7750  0.16273
 18.8250  0.16141
 18.8750  0.16100
 18.9250  0.16122
 18.9750  0.16188
 19.0250  0.16102
 19.0750  0.15983
 19.1250  0.16085
 19.1750  0.15884
 19.2250  0.16125
 19.2750  0.15974
 19.3250  0.16269
 19.3750  0.16083
 19.4250  0.16287
 19.4750  0.16217
 19.5250  0.16101
 19.5750  0.16117
 19.6250  0.16229
 19.6750  0.16126
 19.7250  0.15983
 19.7750  0.15473
 19.8250  0.15534
 19.8750  0.15431
 19.9250  0.15478
 19.9750  0.00000
